2 0.013020833984375 0.3154296875 0.01171875 0.3173828125 0.016276041015625 0.31787109375 0.020833333984375 0.3154296875 0.025390625 0.31689453125 0.044270833984375 0.3310546875 0.05859375 0.33642578125 0.0703125 0.345703125 0.076822916015625 0.34716796875 0.095703125 0.36962890625 0.164713541015625 0.41015625 0.37890625 0.5224609375 0.389322916015625 0.52587890625 0.393880208984375 0.53125 0.40625 0.5361328125 0.414713541015625 0.54345703125 0.459635416015625 0.5673828125 0.468098958984375 0.56396484375 0.473958333984375 0.56640625 0.483723958984375 0.55859375 0.4921875 0.55712890625 0.493489583984375 0.5546875 0.514973958984375 0.5517578125 0.533203125 0.55517578125 0.546223958984375 0.5673828125 0.548177083984375 0.58154296875 0.544270833984375 0.58837890625 0.526692708984375 0.60205078125 0.560546875 0.62060546875 0.567708333984375 0.61962890625 0.575520833984375 0.61376953125 0.584635416015625 0.61083984375 0.586588541015625 0.607421875 0.595052083984375 0.60498046875 0.615885416015625 0.591796875 0.613932291015625 0.5810546875 0.645833333984375 0.5693359375 0.651041666015625 0.57470703125 0.66796875 0.5634765625 0.676432291015625 0.560546875 0.716796875 0.53271484375 0.717447916015625 0.52587890625 0.712890625 0.51025390625 0.740885416015625 0.49462890625 0.7421875 0.4873046875 0.738932291015625 0.48095703125 0.642578125 0.419677734375 0.640625 0.41357421875 0.532552083984375 0.37060546875 0.52734375 0.37353515625 0.518880208984375 0.37353515625 0.517578125 0.369140625 0.489583333984375 0.3583984375 0.470703125 0.34765625 0.337890625 0.2998046875 0.305989583984375 0.2890625 0.299479166015625 0.2890625 0.231770833984375 0.26953125 0.227213541015625 0.265625 0.039713541015625 0.28564453125 0.008463541015625 0.28955078125 0.00390625 0.29296875 0.001953125 0.29638671875 0.00390625 0.30712890625 0.009114583984375 0.31005859375 0.013020833984375 0.3154296875
5 0 0 0 0.15771484375 0.011067708984375 0.16943359375 0.344401041015625 0.294921875 0.352213541015625 0.30078125 0.37109375 0.306640625 0.376953125 0.31103515625 0.397786458984375 0.31689453125 0.408854166015625 0.31494140625 0.417317708984375 0.32080078125 0.41796875 0.3251953125 0.423177083984375 0.32275390625 0.570963541015625 0.37451171875 0.583333333984375 0.37646484375 0.585286458984375 0.38134765625 0.593098958984375 0.3818359375 0.638020833984375 0.40283203125 0.640625 0.40771484375 0.763671875 0.43212890625 0.766276041015625 0.4365234375 0.781901041015625 0.44140625 0.789713541015625 0.447265625 0.794270833984375 0.44677734375 0.81640625 0.453125 0.820963541015625 0.45751953125 0.83203125 0.45654296875 0.839192708984375 0.45849609375 0.848958333984375 0.46826171875 0.876302083984375 0.47705078125 0.895182291015625 0.47900390625 0.907552083984375 0.49072265625 0.943359375 0.50341796875 0.953125 0.509765625 0.958333333984375 0.50927734375 0.973307291015625 0.5146484375 0.991536458984375 0.51611328125 0.999348958984375 0.51025390625 0.999348958984375 0 0 0
0 0.401041666015625 0.11962890625 0.390625 0.11767578125 0.379557291015625 0.12109375 0.379557291015625 0.12451171875 0.389322916015625 0.1259765625 0.401692708984375 0.123046875 0.401041666015625 0.11962890625
0 0.209635416015625 0.24462890625 0.192708333984375 0.232421875 0.182291666015625 0.232421875 0.180338541015625 0.23388671875 0.182291666015625 0.2373046875 0.210286458984375 0.248046875 0.209635416015625 0.24462890625
0 0.194010416015625 0.25146484375 0.185546875 0.2490234375 0.160807291015625 0.25341796875 0.161458333984375 0.25927734375 0.173177083984375 0.26171875 0.186848958984375 0.25927734375 0.194010416015625 0.25146484375
0 0.759114583984375 0.19189453125 0.7578125 0.185546875 0.75 0.18212890625 0.729166666015625 0.1884765625 0.739583333984375 0.19580078125 0.749348958984375 0.19873046875 0.755208333984375 0.19775390625 0.759114583984375 0.19189453125
0 0.474609375 0.26171875 0.471354166015625 0.2578125 0.449869791015625 0.251953125 0.443359375 0.2548828125 0.44140625 0.25927734375 0.44921875 0.265625 0.460286458984375 0.26708984375 0.474609375 0.26171875
0 0.359375 0.3115234375 0.348307291015625 0.30810546875 0.348307291015625 0.3154296875 0.33203125 0.3212890625 0.331380208984375 0.3291015625 0.348958333984375 0.33447265625 0.364583333984375 0.32080078125 0.359375 0.3115234375
0 0.160807291015625 0.2353515625 0.164713541015625 0.22705078125 0.160807291015625 0.220703125 0.152994791015625 0.21826171875 0.136067708984375 0.2236328125 0.130208333984375 0.23095703125 0.129557291015625 0.2353515625 0.132161458984375 0.23779296875 0.149739583984375 0.2392578125 0.160807291015625 0.2353515625
0 0.66796875 0.68994140625 0.671875 0.68896484375 0.668619791015625 0.68212890625 0.636067708984375 0.66455078125 0.619791666015625 0.6630859375 0.609375 0.6728515625 0.609375 0.67578125 0.619140625 0.6787109375 0.654947916015625 0.6845703125 0.66796875 0.68994140625
0 0.262369791015625 0.28515625 0.278645833984375 0.28955078125 0.293619791015625 0.291015625 0.296223958984375 0.2890625 0.294921875 0.279296875 0.2734375 0.26904296875 0.255208333984375 0.267578125 0.236979166015625 0.26318359375 0.233072916015625 0.26611328125 0.237630208984375 0.279296875 0.251302083984375 0.28466796875 0.262369791015625 0.28515625
0 0.270833333984375 0.36474609375 0.268880208984375 0.3564453125 0.251953125 0.349609375 0.240234375 0.35009765625 0.217447916015625 0.35693359375 0.217447916015625 0.36181640625 0.225911458984375 0.36962890625 0.258463541015625 0.3798828125 0.270833333984375 0.36474609375
0 0.665364583984375 0.44677734375 0.675130208984375 0.44775390625 0.710286458984375 0.4423828125 0.714192708984375 0.43896484375 0.712239583984375 0.43212890625 0.69921875 0.42431640625 0.666666666015625 0.419921875 0.658854166015625 0.41455078125 0.646484375 0.41650390625 0.64453125 0.4189453125 0.649739583984375 0.427734375 0.651692708984375 0.44140625 0.665364583984375 0.44677734375
0 0.764973958984375 0.537109375 0.796223958984375 0.53466796875 0.775390625 0.5166015625 0.757161458984375 0.50732421875 0.727864583984375 0.50439453125 0.716145833984375 0.5087890625 0.71484375 0.51513671875 0.717447916015625 0.5224609375 0.731119791015625 0.53125 0.764973958984375 0.537109375
0 0.981119791015625 0.556640625 0.990234375 0.564453125 0.994140625 0.57470703125 0.999348958984375 0.57666015625 0.999348958984375 0.52197265625 0.987630208984375 0.51904296875 0.973958333984375 0.51904296875 0.945963541015625 0.52783203125 0.939453125 0.53271484375 0.938151041015625 0.5361328125 0.944010416015625 0.54296875 0.964192708984375 0.5546875 0.981119791015625 0.556640625
0 0.786458333984375 0.95556640625 0.789713541015625 0.95361328125 0.7890625 0.939453125 0.782552083984375 0.91748046875 0.772786458984375 0.904296875 0.758463541015625 0.89404296875 0.722005208984375 0.88671875 0.721354166015625 0.89013671875 0.729166666015625 0.9033203125 0.748046875 0.927734375 0.786458333984375 0.95556640625
0 0.498046875 0.59423828125 0.521484375 0.59423828125 0.532552083984375 0.591796875 0.542317708984375 0.58837890625 0.549479166015625 0.5810546875 0.548177083984375 0.57080078125 0.526041666015625 0.5517578125 0.487630208984375 0.5595703125 0.473958333984375 0.56787109375 0.472005208984375 0.5703125 0.473958333984375 0.578125 0.485677083984375 0.5888671875 0.498046875 0.59423828125
0 0.624348958984375 0.58544921875 0.635416666015625 0.58154296875 0.64453125 0.57421875 0.64453125 0.56494140625 0.638020833984375 0.55517578125 0.626302083984375 0.5458984375 0.612630208984375 0.53955078125 0.588541666015625 0.5400390625 0.575520833984375 0.5546875 0.56640625 0.5810546875 0.5703125 0.58447265625 0.602213541015625 0.5791015625 0.624348958984375 0.58544921875
0 0.799479166015625 0.490234375 0.805338541015625 0.48681640625 0.8046875 0.4775390625 0.792317708984375 0.4697265625 0.783854166015625 0.4599609375 0.781901041015625 0.4482421875 0.772786458984375 0.44140625 0.751302083984375 0.44091796875 0.7265625 0.4443359375 0.709635416015625 0.44921875 0.705078125 0.45263671875 0.703776041015625 0.46240234375 0.707682291015625 0.466796875 0.79296875 0.49072265625 0.799479166015625 0.490234375