2 0.251302083984375 0.4794921875 0.251953125 0.49462890625 0.244791666015625 0.501953125 0.234375 0.50634765625 0.23046875 0.5380859375 0.22265625 0.548828125 0.229817708984375 0.56298828125 0.240885416015625 0.57275390625 0.274739583984375 0.5634765625 0.301432291015625 0.56103515625 0.310546875 0.564453125 0.311197916015625 0.56298828125 0.935546875 0.4892578125 0.96484375 0.482421875 0.999348958984375 0.48046875 0.999348958984375 0.36181640625 0.986328125 0.357421875 0.981119791015625 0.3515625 0.932942708984375 0.34814453125 0.920572916015625 0.34375 0.906901041015625 0.34228515625 0.397135416015625 0.3876953125 0.333984375 0.41015625 0.331380208984375 0.40869140625 0.327473958984375 0.41064453125 0.32421875 0.4091796875 0.286458333984375 0.41259765625 0.282552083984375 0.4091796875 0.258463541015625 0.4033203125 0.240234375 0.41650390625 0.234375 0.41796875 0.234375 0.4384765625 0.229817708984375 0.4560546875 0.231119791015625 0.470703125 0.233072916015625 0.47216796875 0.244140625 0.47119140625 0.251302083984375 0.4794921875
0 0.340494791015625 0.03076171875 0.328776041015625 0.0302734375 0.322916666015625 0.0322265625 0.323567708984375 0.03955078125 0.345052083984375 0.0361328125 0.344401041015625 0.03271484375 0.340494791015625 0.03076171875
0 0.70703125 0.078125 0.702473958984375 0.07421875 0.688802083984375 0.0732421875 0.669921875 0.076171875 0.670572916015625 0.0810546875 0.678385416015625 0.0830078125 0.697265625 0.0830078125 0.70703125 0.078125
0 0.600911458984375 0.15771484375 0.6015625 0.15380859375 0.59375 0.1484375 0.58203125 0.146484375 0.572916666015625 0.1484375 0.572265625 0.154296875 0.576822916015625 0.158203125 0.598958333984375 0.1591796875 0.600911458984375 0.15771484375
0 0.567057291015625 0.28662109375 0.564453125 0.28076171875 0.541015625 0.27001953125 0.536458333984375 0.27001953125 0.533854166015625 0.275390625 0.530598958984375 0.291015625 0.535807291015625 0.2958984375 0.559244791015625 0.29296875 0.567057291015625 0.28662109375
0 0.149088541015625 0.3974609375 0.1015625 0.39501953125 0.083984375 0.39208984375 0.053385416015625 0.4033203125 0.057291666015625 0.40771484375 0.076171875 0.40380859375 0.145833333984375 0.40087890625 0.149088541015625 0.3974609375
0 0.557291666015625 0.39794921875 0.590494791015625 0.3984375 0.606770833984375 0.39453125 0.603515625 0.39013671875 0.579427083984375 0.37890625 0.559244791015625 0.37646484375 0.54296875 0.38037109375 0.538411458984375 0.38330078125 0.54296875 0.3876953125 0.554036458984375 0.39111328125 0.557291666015625 0.39794921875
0 0.196614583984375 0.4287109375 0.1953125 0.41796875 0.182291666015625 0.4052734375 0.168619791015625 0.4072265625 0.154296875 0.41259765625 0.145833333984375 0.4208984375 0.143229166015625 0.42724609375 0.151692708984375 0.431640625 0.1875 0.43115234375 0.196614583984375 0.4287109375
0 0 0.4306640625 0.01171875 0.43212890625 0.026041666015625 0.43017578125 0.051432291015625 0.41796875 0.052083333984375 0.41455078125 0.044270833984375 0.4072265625 0.0390625 0.40380859375 0.033854166015625 0.40380859375 0.016927083984375 0.40869140625 0 0.404296875 0 0.4306640625
0 0.767578125 0.45703125 0.79296875 0.44970703125 0.796875 0.4462890625 0.786458333984375 0.44140625 0.732421875 0.427734375 0.705729166015625 0.43017578125 0.6953125 0.439453125 0.695963541015625 0.4453125 0.703125 0.45068359375 0.723307291015625 0.4560546875 0.767578125 0.45703125
0 0.260416666015625 0.40625 0.270833333984375 0.40576171875 0.288411458984375 0.41162109375 0.324869791015625 0.4111328125 0.359375 0.4033203125 0.3828125 0.40087890625 0.389973958984375 0.39697265625 0.391927083984375 0.390625 0.387369791015625 0.3857421875 0.375 0.3828125 0.348307291015625 0.38720703125 0.311197916015625 0.3857421875 0.3046875 0.392578125 0.286458333984375 0.3974609375 0.238932291015625 0.400390625 0.237630208984375 0.4013671875 0.249348958984375 0.40478515625 0.254557291015625 0.41064453125 0.260416666015625 0.40625