2 0.69680892578125 0.285595056640625 0.6902995 0.285708677734375 0.658590794921875 0.29700598046875 0.5266336484375 0.34716815234375 0.507943791015625 0.358238208984375 0.4801407421875 0.3694673359375 0.47891555078125 0.373883921875 0.470453298828125 0.374031630859375 0.465194626953125 0.3711932890625 0.357888080078125 0.416041626953125 0.3560417734375 0.422178298828125 0.26077175390625 0.485129875 0.257627822265625 0.491533375 0.259057533203125 0.49883375390625 0.28732075390625 0.513967798828125 0.2830368515625 0.529669955078125 0.28380709765625 0.53649348828125 0.32465126953125 0.563616822265625 0.333164650390625 0.566398353515625 0.35028515625 0.577331693359375 0.35539895703125 0.57187051953125 0.38749966015625 0.583030734375 0.385734310546875 0.593805373046875 0.4067945546875 0.6066233671875 0.41529941796875 0.608916693359375 0.417311896484375 0.6123000546875 0.426476220703125 0.615070224609375 0.434389791015625 0.620792359375 0.441567203125 0.6216437890625 0.475092388671875 0.60250108984375 0.457278333984375 0.589138078125 0.453253375 0.58237135546875 0.45495907421875 0.56817926953125 0.4677648828125 0.5557468515625 0.485931619140625 0.55201126171875 0.507463853515625 0.554565548828125 0.50880834765625 0.556983857421875 0.5172961640625 0.55830076953125 0.5271966484375 0.565941646484375 0.5330125234375 0.5633983515625 0.541534427734375 0.56666808984375 0.5860318984375 0.541961958984375 0.594366326171875 0.534491146484375 0.606649015625 0.5293931953125 0.611111876953125 0.5239433828125 0.6214673046875 0.520344138671875 0.833667404296875 0.40431837890625 0.901960009765625 0.36259280859375 0.920445345703125 0.339805787109375 0.926929205078125 0.338227544921875 0.9384842578125 0.32874709375 0.95271125390625 0.32312684765625 0.971341458984375 0.30863934375 0.975872490234375 0.3070951875 0.980471697265625 0.309456685546875 0.9850197734375 0.308888943359375 0.98368380078125 0.30695883984375 0.987495716796875 0.301520390625 0.992652126953125 0.298500251953125 0.994417478515625 0.28772561328125 0.992404998046875 0.284342251953125 0.98778875 0.28100433984375 0.9564753359375 0.277644072265625 0.76865450390625 0.260899916015625 0.764166080078125 0.264885107421875 0.69680892578125 0.285595056640625
5 0.495636587890625 0 0 0.008651369140625 0 0.467059681640625 0.000906048828125 0.518967185546875 0.008819619140625 0.5246893203125 0.027020447265625 0.52290655859375 0.041898384765625 0.517274951171875 0.047114447265625 0.517672259765625 0.056767802734375 0.51115513671875 0.092348076171875 0.497836833984375 0.10451146484375 0.485903986328125 0.123354708984375 0.483621654296875 0.150540904296875 0.47435671484375 0.160134609375 0.46442214453125 0.167260890625 0.46234433203125 0.17834395703125 0.463127587890625 0.182823859375 0.458654189453125 0.20484512109375 0.45192118359375 0.2094102421875 0.45232985546875 0.217119291015625 0.446335025390625 0.2326566953125 0.441180263671875 0.23518376953125 0.436740951171875 0.3577858203125 0.41018314453125 0.360304373046875 0.405255626953125 0.40485297265625 0.383478734375 0.41265576171875 0.382854181640625 0.414523373046875 0.377938025390625 0.4268571953125 0.37576931640625 0.57371784375 0.32144015625 0.578967994140625 0.32379029296875 0.579542240234375 0.319385068359375 0.587902234375 0.313378876953125 0.599002341796875 0.315138546875 0.6197302421875 0.30891647265625 0.62551203125 0.304420349609375 0.644287103515625 0.29823236328125 0.651996154296875 0.292237533203125 0.98308864453125 0.160950896484375 0.9939501484375 0.149040771484375 0.991348630859375 0 0.495636587890625 0
0 0.61387119140625 0.122466892578125 0.6138115390625 0.119049443359375 0.60268586328125 0.115825154296875 0.59230487109375 0.11795977734375 0.591713580078125 0.121388587890625 0.604132619140625 0.124101947265625 0.61387119140625 0.122466892578125
0 0.814968455078125 0.22834838671875 0.8129900625 0.226917853515625 0.802574982421875 0.2270996484375 0.78586351953125 0.239600240234375 0.785272228515625 0.24302905078125 0.813075279296875 0.231799921875 0.814968455078125 0.22834838671875
0 0.8342889140625 0.253405640625 0.83483759765625 0.247535794921875 0.810025087890625 0.24357369921875 0.801605443359375 0.24616244140625 0.80890215625 0.253848767578125 0.82261455859375 0.2560511953125 0.8342889140625 0.253405640625
0 0.245431140625 0.20312809375 0.255144146484375 0.20002841796875 0.265431404296875 0.19252351953125 0.2444904609375 0.186540421875 0.236738802734375 0.190094216796875 0.23554769921875 0.196463630859375 0.23955561328125 0.202253939453125 0.245431140625 0.20312809375
0 0.546683107421875 0.26477444140625 0.55438363671875 0.258291404296875 0.55235411328125 0.25393162890625 0.54579355859375 0.25111601171875 0.524414716796875 0.257349447265625 0.52122817578125 0.2613119140625 0.535642650390625 0.266432220703125 0.546683107421875 0.26477444140625
0 0.648129810546875 0.331861826171875 0.66561151953125 0.32618476953125 0.664824232421875 0.318384822265625 0.64844841015625 0.312810396484375 0.648320583984375 0.30548729296875 0.637314212890625 0.3090978984375 0.632268583984375 0.3184647265625 0.648129810546875 0.331861826171875
0 0.834522296875 0.229472140625 0.845656490234375 0.23318463671875 0.863206373046875 0.231413236328125 0.865767537109375 0.22892675390625 0.8650398984375 0.22454425390625 0.85905358984375 0.21732341015625 0.84203534765625 0.212248552734375 0.834266646484375 0.21482593359375 0.8304717734375 0.221240796875 0.834522296875 0.229472140625
0 0.335371767578125 0.692843935546875 0.34829687890625 0.687246416015625 0.38399645703125 0.680763009765625 0.39370946484375 0.677663333984375 0.393658333984375 0.67473409375 0.3830728203125 0.665151751953125 0.366824822265625 0.666900427734375 0.334584478515625 0.68504398828125 0.331449068359375 0.6919356953125 0.335371767578125 0.692843935546875
0 0.70270149609375 0.287445623046875 0.717647607421875 0.285719669921875 0.7338444765625 0.281041751953125 0.7449019765625 0.280360388671875 0.758478029296875 0.274751505859375 0.76280454296875 0.2614903828125 0.7588477578125 0.25862931640625 0.7406980625 0.2633413203125 0.72249723828125 0.265124083984375 0.70119508984375 0.2757513828125 0.700063638671875 0.285538244140625 0.70270149609375 0.287445623046875
0 0.739403337890625 0.37568571484375 0.771771505859375 0.3648652578125 0.7800974140625 0.35690623828125 0.780012197265625 0.352024169921875 0.757109904296875 0.345586951171875 0.74538441796875 0.345303265625 0.72857921484375 0.352433580078125 0.726771255859375 0.36076718359375 0.739403337890625 0.37568571484375
0 0.284774703125 0.442712318359375 0.288740009765625 0.446061591796875 0.32398464453125 0.450818306640625 0.33373173828125 0.449671458984375 0.34730779296875 0.444062576171875 0.349022013671875 0.430358697265625 0.3540761640625 0.421480076171875 0.3520807265625 0.41907312890625 0.339678734375 0.41733618359375 0.331961162109375 0.422842806640625 0.29949073046875 0.427804779296875 0.2866082265625 0.435843333984375 0.284774703125 0.442712318359375
0 0.235714044921875 0.54172815625 0.269460796875 0.535278837890625 0.28297719921875 0.526252505859375 0.28545314453125 0.518883953125 0.2840404765625 0.51255998828125 0.27224681640625 0.508370646484375 0.243005533203125 0.511811189453125 0.2249410546875 0.521405263671875 0.204426197265625 0.539832509765625 0.235714044921875 0.54172815625
0 0.002064998046875 0.585363322265625 0.007238453125 0.583319595703125 0.01096515234375 0.572999078125 0.019942001953125 0.565028697265625 0.03683241796875 0.562780451171875 0.0568071171875 0.550711255859375 0.062546296875 0.543774099609375 0.0611847578125 0.540379375 0.0545901171875 0.5356109296875 0.026446197265625 0.52731178125 0.012776404296875 0.527550388671875 0.0011105703125 0.530684150390625 0.002064998046875 0.585363322265625
0 0.2182472265625 0.958600392578125 0.221536025390625 0.960496408203125 0.2594558984375 0.931998244140625 0.277907146484375 0.90725839453125 0.28548837109375 0.8939404609375 0.284777775390625 0.890534376953125 0.248452822265625 0.898493765625 0.234311041015625 0.908996078125 0.22477698828125 0.92234809765625 0.218651041015625 0.94443103125 0.2182472265625 0.958600392578125
0 0.45923116015625 0.5891039921875 0.469054951171875 0.592351005859375 0.48016358203125 0.5945988828125 0.50359751171875 0.594189841796875 0.515871681640625 0.58860368359375 0.527401169921875 0.577658611328125 0.529217650390625 0.56981321484375 0.527222212890625 0.567406267578125 0.513407552734375 0.559345357421875 0.474865599609375 0.552204419921875 0.4530658984375 0.5716308046875 0.45194296875 0.581905873046875 0.45923116015625 0.5891039921875
0 0.356624146484375 0.56745393359375 0.35678605859375 0.57672986328125 0.366027080078125 0.583893896484375 0.377161275390625 0.587606392578125 0.3991825390625 0.58087338671875 0.4311724609375 0.585686912109375 0.435018462890625 0.582201291015625 0.42544509765625 0.55599719140625 0.41217059765625 0.54157823046875 0.388077201171875 0.54151042578125 0.37451819140625 0.54809572265625 0.36296313671875 0.557576173828125 0.356624146484375 0.56745393359375
0 0.217238595703125 0.453169921875 0.2154902890625 0.464920974609375 0.20719846875 0.4748328203125 0.194966908203125 0.482860013671875 0.19447787890625 0.492147306640625 0.20039601171875 0.495462494140625 0.206913958984375 0.495837078125 0.291769865234375 0.47042648828125 0.295598826171875 0.465964453125 0.294126505859375 0.4562230390625 0.2895102578125 0.452885126953125 0.27250053515625 0.4482984765625 0.24770506640625 0.44531279296875 0.226232486328125 0.446175955078125 0.217238595703125 0.453169921875