2 0 0.51997553125 0.001344955078125 0.532771923828125 0.035865298828125 0.531107572265625 0.065716232421875 0.534843705078125 0.694351875 0.542908033203125 0.695152466796875 0.54429680078125 0.703859845703125 0.539944822265625 0.7306615234375 0.53958270703125 0.76529998046875 0.54527050390625 0.775286271484375 0.534401484375 0.780928361328125 0.51957032421875 0.772035794921875 0.509703611328125 0.764833388671875 0.478547509765625 0.75401443359375 0.475265890625 0.746126615234375 0.46873037109375 0.745191873046875 0.45360851953125 0.751446431640625 0.444604634765625 0.76255558984375 0.44441895703125 0.7643448984375 0.44275798046875 0.76410866796875 0.428053685546875 0.757738927734375 0.411048220703125 0.75559527734375 0.390652751953125 0.7496148828125 0.389808404296875 0.730107517578125 0.3786025 0.70676340625 0.38694771484375 0.703235830078125 0.3907552734375 0.665324994140625 0.39130306640625 0.662240736328125 0.3931001484375 0.6581517265625 0.391566037109375 0.6557149453125 0.393295064453125 0.590562044921875 0.377558251953125 0.078842314453125 0.385681875 0.065398453125 0.388567794921875 0.05355577734375 0.394231248046875 0.005999890625 0.402666369140625 0.00143255859375 0.409038064453125 0 0.409695439453125 0 0.51997553125
0 0.6273357265625 0.023630974609375 0.627217615234375 0.016278826171875 0.6211861796875 0.01494887109375 0.609582666015625 0.016659419921875 0.60590197265625 0.01901016015625 0.605611771484375 0.02247745703125 0.6273357265625 0.023630974609375
0 0.27900424609375 0.1039384921875 0.286569791015625 0.101179439453125 0.286706873046875 0.096255322265625 0.26762385546875 0.095315203125 0.254128955078125 0.097715515625 0.250004943359375 0.102076734375 0.26022746484375 0.10591201171875 0.27900424609375 0.1039384921875
0 0.365958345703125 0.17139069921875 0.38787042578125 0.168105705078125 0.3919944375 0.16374448828125 0.3907344921875 0.157985263671875 0.381465681640625 0.1569955703125 0.37001528515625 0.160162939453125 0.362807013671875 0.16632123828125 0.363862802734375 0.170138037109375 0.365958345703125 0.17139069921875
0 0.419439099609375 0.30029565625 0.443054443359375 0.300759408203125 0.447723849609375 0.29535892578125 0.44285321875 0.280159783203125 0.4397018828125 0.275090322265625 0.43516955859375 0.275566689453125 0.412983314453125 0.288699916015625 0.41100588671875 0.294799400390625 0.419439099609375 0.30029565625
0 0.911451609375 0.3600334375 0.930636705078125 0.36194476953125 0.934062203125 0.357165998046875 0.90245696484375 0.349195513671875 0.88528137109375 0.35394656640625 0.83827087890625 0.361342421875 0.841865529296875 0.364401404296875 0.911451609375 0.3600334375
0 0.39938477734375 0.40845315234375 0.43235497265625 0.404496873046875 0.434877796875 0.397358123046875 0.4455276015625 0.392801986328125 0.449600572265625 0.387955162109375 0.44476201171875 0.385517890625 0.428166818359375 0.383334349609375 0.408350283203125 0.387872005859375 0.385567603515625 0.401558890625 0.38278958203125 0.406269609375 0.39938477734375 0.40845315234375
0 0.794271703125 0.3973890546875 0.803591552734375 0.398864353515625 0.8392537265625 0.395607078125 0.847211552734375 0.390351939453125 0.843958138671875 0.384311267578125 0.834673294921875 0.376940638671875 0.819867408203125 0.37309612109375 0.8060662734375 0.372582794921875 0.7944437890625 0.386569609375 0.794271703125 0.3973890546875
0 0.97851193359375 0.381461421875 0.990013369140625 0.37877966015625 0.987257248046875 0.352556916015625 0.970882244140625 0.358696734375 0.953537498046875 0.355610033203125 0.9483576953125 0.356154451171875 0.943535169921875 0.360098115234375 0.936531056640625 0.36819883984375 0.93753580859375 0.371530033203125 0.964063322265625 0.3810161484375 0.97851193359375 0.381461421875
0 0.2033791171875 0.480606115234375 0.22939623828125 0.48523616796875 0.273322474609375 0.479637392578125 0.292832771484375 0.47218609765625 0.299393568359375 0.4660958515625 0.2994285703125 0.4602005234375 0.288099220703125 0.45206283984375 0.261297541015625 0.452424955078125 0.20898619921875 0.47167028125 0.199136990234375 0.47761518359375 0.2033791171875 0.480606115234375
0 0.61206580859375 0.370388408203125 0.600070015625 0.374595041015625 0.596048080078125 0.37992747265625 0.598654017578125 0.386036197265625 0.60618455859375 0.38917247265625 0.62974886328125 0.389150619140625 0.664881677734375 0.393313544921875 0.701191326171875 0.389988216796875 0.71806068359375 0.38232352734375 0.728471328125 0.381720294921875 0.734757958984375 0.38547828125 0.739325287109375 0.3791065859375 0.75062256640625 0.374482396484375 0.749225537109375 0.3736472890625 0.701653611328125 0.375701474609375 0.6830139140625 0.372750876953125 0.67582461328125 0.366632912109375 0.63907164453125 0.371968716796875 0.61206580859375 0.370388408203125