2 0.689206412109375 0.2788571328125 0.682704916015625 0.279197861328125 0.651409796875 0.2915948984375 0.52128366796875 0.346331751953125 0.502991537109375 0.35804733203125 0.475597314453125 0.370239931640625 0.4745270078125 0.3746965859375 0.466075064453125 0.375139533203125 0.460720541015625 0.372486443359375 0.355044544921875 0.42105240625 0.35341353125 0.427249775390625 0.260398525390625 0.49348787890625 0.25747998828125 0.499997201171875 0.259163607421875 0.507243236328125 0.28793778125 0.5213816875 0.284204486328125 0.53722378515625 0.285212400390625 0.54401628125 0.32697828125 0.569697650390625 0.335583552734375 0.572180375 0.3530751953125 0.58250955859375 0.3579952890625 0.5768732421875 0.390465923828125 0.586906359375 0.389077677734375 0.597736044921875 0.410572435546875 0.60981123828125 0.41915215234375 0.6118063515625 0.421281482421875 0.61511741796875 0.43053690234375 0.617566068359375 0.4386453515625 0.6230085390625 0.44584810546875 0.6236089609375 0.478684796875 0.603307912109375 0.460415232421875 0.5905747421875 0.4561565703125 0.583952611328125 0.45736593359375 0.569709642578125 0.469730056640625 0.5568378828125 0.487755357421875 0.552470556640625 0.5093636171875 0.55427182421875 0.510791689453125 0.55664173828125 0.519320294921875 0.557661626953125 0.529481412109375 0.564952326171875 0.535204982421875 0.562207611328125 0.543835810546875 0.565177947265625 0.58744394140625 0.53893392578125 0.595512564453125 0.531176796875 0.60760985546875 0.52565329296875 0.611879802734375 0.520051048828125 0.622103310546875 0.51609259765625 0.83012490234375 0.39273183984375 0.896919705078125 0.3486483125 0.9145985234375 0.32523004296875 0.921023353515625 0.3234264765625 0.932240505859375 0.31354853515625 0.94626269140625 0.30743519921875 0.964375939453125 0.2923063359375 0.9688503203125 0.29060498828125 0.973529142578125 0.2928045390625 0.9780546328125 0.292078416015625 0.97665211328125 0.290196115234375 0.98027191015625 0.284627943359375 0.98531977734375 0.281429689453125 0.9867080234375 0.27060000390625 0.98457869140625 0.2672889375 0.979848763671875 0.2641141640625 0.948437154296875 0.261848765625 0.760146375 0.251669662109375 0.755799765625 0.2558090703125 0.689206412109375 0.2788571328125
5 0.486907041015625 0 0 0.025517716796875 0 0.500653314453125 0.001872029296875 0.536373759765625 0.009980478515625 0.541816228515625 0.028108 0.5393993515625 0.042780333984375 0.533251943359375 0.0480070859375 0.53346697265625 0.0574271171875 0.526616921875 0.0925209140625 0.512064998046875 0.10426044140625 0.499714923828125 0.1230125546875 0.496776361328125 0.14985884765625 0.486568283203125 0.15909999609375 0.476304947265625 0.166149421875 0.473979697265625 0.177253072265625 0.47437568359375 0.181574125 0.4697486640625 0.20334699609375 0.462251228515625 0.20792359765625 0.462500330078125 0.215418734375 0.456240111328125 0.230766775390625 0.450546240234375 0.23313737890625 0.44602144140625 0.354737890625 0.415201060546875 0.357082939453125 0.4101886484375 0.400844400390625 0.38687030078125 0.408620638671875 0.385973814453125 0.410315541015625 0.380995474609375 0.422566162109375 0.378397640625 0.5674412890625 0.31897621484375 0.5727702578125 0.32114169140625 0.573190416015625 0.316719111328125 0.581335703125 0.310424818359375 0.5924904609375 0.31179602734375 0.612988587890625 0.304854349609375 0.61860994140625 0.300159185546875 0.637157619140625 0.2933197265625 0.644652755859375 0.2870595078125 0.970961716796875 0.144297884765625 0.981400947265625 0.132015955078125 0.974482283203125 0 0.486907041015625 0
0 0.600626107421875 0.118722828125 0.600447224609375 0.11530954296875 0.589215802734375 0.112475498046875 0.578915630859375 0.11497111328125 0.578444361328125 0.118418470703125 0.59095053125 0.1206967578125 0.600626107421875 0.118722828125
0 0.805296080078125 0.21752162890625 0.80326896875 0.21616101171875 0.792866576171875 0.216706177734375 0.77660155859375 0.229782375 0.776130291015625 0.233229732421875 0.803524515625 0.2210371328125 0.805296080078125 0.21752162890625
0 0.825479255859375 0.24188934375 0.82582275 0.23600392578125 0.800887080078125 0.2329101875 0.79256291015625 0.2357911953125 0.800123427734375 0.2432181875 0.81390433984375 0.244940716796875 0.825479255859375 0.24188934375
0 0.23522553515625 0.212193263671875 0.24482444921875 0.208756498046875 0.254843521484375 0.200897150390625 0.233706529296875 0.19564852734375 0.2260836171875 0.199470685546875 0.225115529296875 0.2058777890625 0.22932308203125 0.2115246953125 0.23522553515625 0.212193263671875
0 0.538445416015625 0.263288517578125 0.545914998046875 0.256540685546875 0.54373455859375 0.252254396484375 0.537079736328125 0.249669453125 0.5159314609375 0.256645203125 0.512885150390625 0.260716462890625 0.5274695390625 0.26533059375 0.538445416015625 0.263288517578125
0 0.64217163671875 0.326794595703125 0.6594445703125 0.32051089453125 0.658385546875 0.312743173828125 0.64182515625 0.30774365234375 0.6414418359375 0.300429470703125 0.630568177734375 0.304421994140625 0.62585251953125 0.31395920703125 0.64217163671875 0.326794595703125
0 0.824877228515625 0.217962279296875 0.836134205078125 0.2212839375 0.853611576171875 0.2189011328125 0.856084400390625 0.21632678125 0.8552042578125 0.211972345703125 0.84896959375 0.2049648203125 0.831784607421875 0.200486982421875 0.824110587890625 0.203333916015625 0.82054190234375 0.209877310546875 0.824877228515625 0.217962279296875
0 0.3422022109375 0.69847190234375 0.35492409765625 0.692426712890625 0.39037566015625 0.684701359375 0.39997457421875 0.68126459375 0.39982124609375 0.678338919921875 0.388907763671875 0.669131845703125 0.372730689453125 0.67144650390625 0.3411431875 0.69070418359375 0.338250205078125 0.6977011171875 0.3422022109375 0.69847190234375
0 0.695159974609375 0.28050092578125 0.71003674609375 0.278254412109375 0.7260604921875 0.27301408203125 0.7370874765625 0.27194723046875 0.750459513671875 0.265867966796875 0.754320583984375 0.252463931640625 0.750266359375 0.2497426953125 0.732292166015625 0.25508524609375 0.714164646484375 0.257502123046875 0.69324636328125 0.268866380859375 0.692457158203125 0.278686767578125 0.695159974609375 0.28050092578125
0 0.734918994140625 0.36740638671875 0.76688981640625 0.355462888671875 0.774932884765625 0.3472181484375 0.77467733984375 0.34234202734375 0.751564341796875 0.336708009765625 0.73983609765625 0.336833708984375 0.7232899765625 0.344546173828125 0.721773958984375 0.352937798828125 0.734918994140625 0.36740638671875
0 0.282906501953125 0.450258470703125 0.28698628125 0.453467318359375 0.322375451171875 0.456991115234375 0.332076583984375 0.455504796875 0.34544862109375 0.449425533203125 0.3466835390625 0.435670177734375 0.35142475 0.426620576171875 0.349346529296875 0.424284734375 0.336891470703125 0.422981671875 0.329370779296875 0.428754279296875 0.297093298828125 0.434846431640625 0.28449918359375 0.44332968359375 0.282906501953125 0.450258470703125
0 0.237331333984375 0.55092618359375 0.27083244921875 0.543303048828125 0.284025603515625 0.5338105 0.286242880859375 0.52636002734375 0.28461037109375 0.520089216796875 0.272677689453125 0.51631401953125 0.243574291015625 0.52077297265625 0.225855646484375 0.530991642578125 0.20599638671875 0.55012362109375 0.237331333984375 0.55092618359375
0 0.00534746484375 0.602689001953125 0.01044644140625 0.600465970703125 0.013810689453125 0.5900216796875 0.022503908203125 0.581742865234375 0.03930557421875 0.578906521484375 0.05884689453125 0.566147572265625 0.064340474609375 0.55901434765625 0.06286129296875 0.555669208984375 0.056104251953125 0.55113381640625 0.027687841796875 0.54382193359375 0.014034703125 0.54453746484375 0.002485341796875 0.54807644921875 0.00534746484375 0.602689001953125
0 0.234423787109375 0.9681540546875 0.23777675 0.969934138671875 0.274678953125 0.940129951171875 0.292255552734375 0.914761232421875 0.29936737109375 0.90118683203125 0.298538337890625 0.89780762109375 0.2625132890625 0.9070298828125 0.2487466484375 0.91801933984375 0.2396843828125 0.931695958984375 0.234332849609375 0.953979232421875 0.234423787109375 0.9681540546875
0 0.4623656796875 0.5904725234375 0.4722968046875 0.59337471484375 0.483477119140625 0.595233537109375 0.506882498046875 0.594006912109375 0.518954236328125 0.587995794921875 0.53009472265625 0.576655017578125 0.531636296875 0.568751005859375 0.529558076171875 0.5664151640625 0.5154705078125 0.5588412890625 0.476702818359375 0.553049794921875 0.4555943671875 0.57322514453125 0.45483071875 0.58353314453125 0.4623656796875 0.5904725234375
0 0.359065595703125 0.572416587890625 0.359551134765625 0.581681216796875 0.369036546875 0.588518376953125 0.3802935234375 0.59184003515625 0.40206639453125 0.584342599609375 0.434204818359375 0.58803676171875 0.43792683203125 0.5844190390625 0.427444787109375 0.5585650078125 0.41367516015625 0.544618103515625 0.38959407421875 0.5453911875 0.376273146484375 0.55244567578125 0.36505599609375 0.5623236171875 0.359065595703125 0.572416587890625
0 0.2157765 0.4630666796875 0.21443936328125 0.474871587890625 0.206498513671875 0.48506677734375 0.194554548828125 0.49351595703125 0.194389939453125 0.502814658203125 0.200420166015625 0.505921287109375 0.20694721484375 0.506068169921875 0.29086461328125 0.477711630859375 0.294535517578125 0.47311868359375 0.292724125 0.463434587890625 0.287994197265625 0.460259814453125 0.270834763671875 0.456269587890625 0.245950203125 0.45415107421875 0.224520826171875 0.455763091796875 0.2157765 0.4630666796875