2 0 0.55870115625 0.010758802734375 0.601852357421875 0.0447115625 0.59539990234375 0.074791958984375 0.5949452265625 0.698432099609375 0.51544190234375 0.6994181796875 0.516705732421875 0.707435140625 0.511184275390625 0.73392558984375 0.507095611328125 0.769018537109375 0.5079073125 0.777394966796875 0.495754248046875 0.780918048828125 0.4802821953125 0.770738841796875 0.471749111328125 0.759270439453125 0.441898599609375 0.74810005859375 0.440154625 0.7393794375 0.43478048046875 0.736349236328125 0.41993588671875 0.741289828125 0.41014916015625 0.75226503125 0.408419193359375 0.75380576171875 0.406525357421875 0.751525388671875 0.3919970390625 0.742850935546875 0.376043568359375 0.737889646484375 0.35614492578125 0.731849943359375 0.35614110546875 0.710972861328125 0.347759154296875 0.689017361328125 0.35927202734375 0.686054025390625 0.363533474609375 0.648588373046875 0.36935210546875 0.645784236328125 0.371560943359375 0.641521513671875 0.370610841796875 0.63934908203125 0.372662177734375 0.572640103515625 0.366146046875 0.067030984375 0.445408232421875 0.0541196015625 0.45013708984375 0.043180376953125 0.457393609375 0 0.471472193359375 0 0.55870115625
0 0.55979875 0.010545255859375 0.55865856640625 0.00328109765625 0.552500734375 0.0028035 0.541248208984375 0.006112298828125 0.537930494140625 0.0089524140625 0.538125671875 0.012426357421875 0.55979875 0.010545255859375
0 0.226033853515625 0.138549599609375 0.23314178515625 0.1347644765625 0.2325922265625 0.129869203125 0.2135640859375 0.131594076171875 0.200534576171875 0.13584915625 0.1970576640625 0.1407418828125 0.207714466796875 0.14311713671875 0.226033853515625 0.138549599609375
0 0.321529255859375 0.1932436953125 0.342770904296875 0.18694109765625 0.346247818359375 0.182048373046875 0.344198603515625 0.176520546875 0.3348822578125 0.176830455078125 0.323984109375 0.1815605859375 0.31770305859375 0.188662150390625 0.31927976953125 0.1922948671875 0.321529255859375 0.1932436953125
0 0.392429640625 0.31345107421875 0.415879701171875 0.310623693359375 0.419752064453125 0.304625912109375 0.412813521484375 0.290252546875 0.40898732421875 0.28567100390625 0.404565404296875 0.28677351171875 0.3844228671875 0.302866654296875 0.383313568359375 0.309181986328125 0.392429640625 0.31345107421875
0 0.887967810546875 0.3041325859375 0.907232205078125 0.303355267578125 0.9099592890625 0.298146265625 0.877552353515625 0.294651947265625 0.86120512890625 0.30174714453125 0.8156814453125 0.31561362109375 0.81966683984375 0.3181425546875 0.887967810546875 0.3041325859375
0 0.38762309765625 0.42334701171875 0.419721822265625 0.414840671875 0.42122657421875 0.40742028515625 0.431138642578125 0.401426322265625 0.4344974296875 0.3960598203125 0.42936675390625 0.3943196640625 0.412629173828125 0.394466978515625 0.393637009765625 0.40171840234375 0.3729808984375 0.41844282421875 0.370885515625 0.42349432421875 0.38762309765625 0.42334701171875
0 0.7771271875 0.357432953125 0.786561658203125 0.3575968203125 0.821423447265625 0.34940803125 0.828572453125 0.34309651953125 0.824510001953125 0.337567419921875 0.814289724609375 0.331560724609375 0.799092875 0.329814201171875 0.785354609375 0.331226619140625 0.77579182421875 0.3466948515625 0.7771271875 0.357432953125
0 0.95735770703125 0.31601904296875 0.968373982421875 0.3117626875 0.961995181640625 0.28617871875 0.946634037109375 0.29453774609375 0.92902850390625 0.293895005859375 0.92397487890625 0.295155015625 0.91974813671875 0.299731466796875 0.91393958984375 0.308728138671875 0.91539817578125 0.311887078125 0.94298773828125 0.3175889609375 0.95735770703125 0.31601904296875
0 0.203566703125 0.522076501953125 0.2299750078125 0.52304061328125 0.272694556640625 0.511382974609375 0.290977962890625 0.50128888671875 0.296627310546875 0.49434482421875 0.295841501953125 0.48850199609375 0.283489861328125 0.482020248046875 0.25699941015625 0.4861089140625 0.207875591796875 0.51244727734375 0.198949603515625 0.5197050703125 0.203566703125 0.522076501953125
0 0.592936744140625 0.356053232421875 0.58164314453125 0.361888419921875 0.57840248046875 0.367728701171875 0.5818332265625 0.37341530078125 0.589726966796875 0.37547300390625 0.61305890234375 0.372171845703125 0.64842917578125 0.37140471484375 0.6839226640625 0.363058423828125 0.6995611328125 0.353120564453125 0.7097865078125 0.351074322265625 0.716534966796875 0.3539208046875 0.720171078125 0.34697546875 0.730714849609375 0.340824005859375 0.729215193359375 0.340191455078125 0.68239212109375 0.348846380859375 0.6635231796875 0.348518642578125 0.655552388671875 0.343460775390625 0.61989969921875 0.353859677734375 0.592936744140625 0.356053232421875